,role,content
0,assistant,How can I help you today?
1,user,"I'm not sure where to start, but my wife insisted I come here to talk. Things at home have been rough, and it's affecting everything—work, my relationship, and even just enjoying life. Honestly, I'm not sure this will help, but here I am."
2,assistant,"Thank you for sharing that—it sounds like things have been challenging across many areas of your life. It's understandable to feel unsure about this process when there's a lot going on. What feels most pressing for you right now, or what would you like to focus on?"
3,user,I guess... my son is probably the biggest thing stressing me out. He's been acting out a lot—like completely out of control—and we just can’t figure out how to help him. It’s putting so much strain on my marriage and making everything else feel impossible.
4,assistant,"That sounds really overwhelming. You're carrying a lot right now, especially with trying to figure out how to support your son while also managing the impact on your relationship and everything else. It speaks a lot about how much you care. What do you think has made this so tough to handle?"
5,user,"I think it's that we just feel stuck. No matter what we try with my son, nothing seems to work, and it’s frustrating. My wife and I don’t agree on how to handle him half the time, and that just leads to more fights. It feels like we’re failing as parents and as partners."
6,assistant,"That sounds like such a heavy load—feeling stuck, trying different things with your son, and then also dealing with the strain it’s putting on your relationship. It’s clear how much you want to do the right thing, both as a parent and a partner, even when it feels like you're not getting anywhere. What keeps you pushing forward, despite how hard it’s been?"
7,user,"I guess what keeps me going is wanting to help my son be okay. I want him to feel loved, supported, and like he can thrive. And honestly, even though things are tough with my wife right now, I don’t want to give up on our family. I just don’t know how to fix any of this."
8,assistant,"It really says a lot about you that, even with everything feeling overwhelming, your love for your son and your commitment to your family remain so central. It sounds like you deeply value connection and stability for all of you. What do you think might help you feel even a little less stuck in moving toward that?"
9,user,"Honestly, I don’t know. I feel like we’ve tried everything, and part of me just doesn’t think anything will change. Maybe someone else could help, but at the same time, I’m not sure I trust that anyone else can really understand what we’re going through."
10,assistant,"It sounds like you're feeling pretty discouraged, like you've tried so much without seeing the results you hope for, which makes it hard to believe that change is possible—or that anyone else could truly understand your family’s situation. That uncertainty is tough. What would it take for you to feel comfortable letting someone step in to help?"
11,user,Maybe I’d need to know that they actually listen and don’t just give some cookie-cutter advice. I’d need to feel like they actually care about helping my son and our family instead of just treating us like another case.
12,assistant,Feeling truly heard and cared for is so important—especially when it comes to something as personal as your family. You want someone who really takes the time to understand your situation and treats it with the care it deserves. That’s completely valid. How would knowing that kind of support is out there change things for you?
13,user,"I guess if I knew someone like that could actually help, it might take some of the weight off my shoulders. Maybe it could give us a chance to try something new, especially since nothing we’ve done so far seems to be working. But it’s still hard to trust that it’ll be different."
14,assistant,"It makes sense that trusting in something new feels hard after everything you've already tried—it’s like both hope and hesitation are there at the same time. The thought of finding support that truly understands your family and offers fresh approaches does seem like it might bring some relief, though. How would it feel to take a small step toward exploring that kind of help?"
15,user,"I’m not sure how I feel about that. A part of me thinks it might be worth looking into, but another part of me just feels exhausted at the idea of opening up to someone else and risking it not making a difference. It’s tough to imagine where to even start."
16,assistant,"That’s completely understandable. You’ve already put so much energy into trying to make things better, and the idea of opening up again—especially without guarantees—can feel exhausting and risky. It sounds like there’s a part of you that sees the potential for a step forward, even if it’s hard to picture right now. What might make exploring that step feel less overwhelming?"
17,user,"Maybe if I knew who to turn to or had some kind of recommendation, it wouldn’t feel so daunting. Or if I could start with something small—like just learning more about what kind of help is out there—rather than diving in right away. I don’t know, I guess taking it slow might make it easier."
18,assistant,"Taking it slow and starting with something small, like just gathering information, sounds like a thoughtful approach. It allows you to ease into the process without feeling pressured to dive in fully before you’re ready. It seems important for you to feel in control of this step, and that makes a lot of sense. What might be one small thing you could explore or do next?"
19,user,Maybe I could start by just asking around for recommendations or looking online for someone who specializes in helping families. That feels a little less intimidating than committing to something right away. I think I could handle that as a first step.
20,assistant,"That sounds like a really manageable and thoughtful place to start—gathering information and seeing what’s out there, without any pressure to commit right away. It’s a step toward getting the support your family might need, while still letting you move at a pace that feels comfortable for you. How does it feel to have identified this next step?"
